368
메구포이드의 노래
100

0000
0000
0000
0000
0000
0000
0000
0000
0001
0000
0000
0000
0000
0000
0000
0000
0001
0000
0000
0000
0000
0000
0000
1000
0001
0000
0000
0000
0000
0000
0000
0000
0001
0000
0000
0000
0000
0000
0000
0110
1001
0010
1000
0000
0101
1010
0101
0110
1001
0000
0100
0000
0101
1010
0101
0110
1001
0010
1000
0000
0101
1010
0101
0110
1001
0000
0100
0000
0101
1010
0101
0101
0101
0001
1001
0001
1001
0001
1001
0001
1001
0000
1001
0000
1001
0000
1001
0000
1001
0000
1001
0001
1000
0001
1000
0001
1000
0001
1000
0001
1000
0001
1000
0001
1000
0000
0000
1111
0110
1001
0000
0000