200
하츠네 미쿠의 노래
100

0000
0000
0000
0000
0000
0000
0000
0000
0000
0000
0000
0000
0000
0000
0000
0000
0000
0000
0000
0000
0000
0000
0000
0000
0000
0000
0000
0000
0000
0000
0000
0000
0000
0000
0000
0000
0000
0000
0000
0000
0000
0000
0000
0000
0000
0000
0000
0000
0000
0000
0000
0000
0000
0000
0001
0001
0010
0100
0010
0100
0001
0100
0010



1000
1001
0010
0100
1000
0001
0010
0110
1000
1001
0010
0100
1000
0001
0010
0110
1000
1001
0010
0100
1000
1000
0001
0001
0010
0110
1000
1001
0010
0100
1000
0001
0010
0110
1000
1001
0010
0100
1000
0001
0010
0110
1000
1001
0010
0100
1000
1000
0001
0001
0010
0110
1000
1001
0010
0100
1000
0001
0010
0110
1000
1001
0010
0100
1000
0001
0010
0110
1000
1001
0010
0100
1000
1000
0001