254
하츠네 미쿠의 노래
100

0000
0000
0000
1111
0000
0000
0000
1111
0000
0000
0000
1111
0000
0000
0000
1111
0000
0000
0000
1111
0000
0000
0000
1111
0000
0000
0000
1111
0000
0000
0000
1111
0000
0000
0000
1111
0000
0000
0000
1111
0000
0000
0000
1111
0000
0000
0000
1111
0000
0000
0000
1111
0000
0000
0000
1111
0000
0000
0000
1111
0000
0000
0000
1111
0000
0000
0000
1111
0000
0000
0000
1111
0000
0000
0000
1111
0000
0000
0000
1111
0000
0000
0000
1111
0000
0000
0000
1111
0000
0000
0000
1111
0000
0000
0000
1111
0000
0000
0000
1111
0000
0000
0000
1111
0000
0000
0000
1111
0000
0000
0000
1111
0000
0000
0000
1111
0000
0000
0000
1111
0000
0000
0000
1111
0000
0000
0000
1111
0000
0000
0000
1111
0000
0000
0000
1111
0000
0000
0000
1111
0000
0000
0000
1111
0000
0000
0000
1111
0000
0000
0000
1111
0000
0000
0000
1111
0000
0000
0000
1111
0000
0000
0000
1111
0000
0000
0000
1111
0000
0000
0000
1111
0000
0000
0000
1111
0000
0000
0000
1111
0000
0000
0000
1111
0000
0000
0000
1111
0000
0000
0000
1111
0000
0000
0000
1111
0000
0000
0000
1111
0000
0000
0000
1111
0000
0000
0000
1111
0000
0000
0000
1111
0000
0000
0000
1111